[200,8,427,407]
[201,2,399,301]
[202,7,413,377]
[203,11,424,403]
[204,10,515,331]
[205,4,442,434]
[206,9,354,310]
[207,3,422,349]
[208,10,478,357]
[209,4,392,355]
[210,9,488,419]
[211,6,545,378]
[212,11,500,414]
[213,3,489,357]
[214,7,460,389]
[215,6,526,463]
[216,8,389,300]
[217,7,533,379]
[218,2,534,487]
[219,10,465,401]
[220,9,400,368]
[221,3,540,368]
[222,4,470,377]
[223,5,541,302]
[224,1,478,300]
[225,2,464,310]
[226,8,403,301]
[227,8,507,455]
[228,2,505,364]
[229,3,414,355]
[230,6,432,349]
[231,6,487,397]
[232,2,535,444]
[233,2,465,449]
[234,10,521,347]
[235,10,353,330]
[236,7,436,337]
[237,5,377,345]
[238,5,429,411]
[239,8,449,312]
[240,6,399,327]
[241,9,356,352]
[242,11,508,330]
[243,6,350,341]
[244,5,507,323]
[245,3,371,358]
[246,10,523,414]
[247,10,503,320]
[248,3,417,410]
[249,9,504,452]
[250,2,366,356]
[251,6,410,305]
[252,8,396,343]
[253,7,461,408]
[254,11,414,389]
[255,1,541,481]
[256,7,486,346]
[257,1,504,436]
[258,1,395,360]
[259,1,371,342]
[260,11,434,392]
[261,11,533,300]
[262,10,516,371]
[263,2,385,349]
[264,9,522,337]
[265,11,419,390]
[266,11,396,373]
[267,1,416,408]
[268,4,426,349]
[269,4,459,346]
[270,3,463,306]
[271,2,533,304]
[272,2,404,383]
[273,11,389,345]
[274,4,390,368]
[275,7,534,440]
[276,8,469,320]
[277,11,525,491]
[278,7,456,324]
[279,8,471,332]
[280,1,368,314]
[281,10,358,356]
[282,10,506,373]
[283,5,526,320]
[284,2,402,397]
[285,6,389,339]
[286,2,417,395]
[287,11,411,345]
[288,5,439,409]
[289,6,504,385]
[290,10,493,450]
[291,9,523,475]
[292,7,547,441]
[293,5,424,369]
[294,5,360,334]
[295,9,453,323]
[296,3,515,315]
[297,6,531,372]
[298,10,503,482]
[299,10,454,386]
[300,9,445,379]
[301,8,542,408]
[302,2,481,300]
[303,8,354,334]
[304,10,365,323]
[305,6,363,317]
[306,8,518,445]
[307,6,460,300]
[308,7,395,368]
[309,10,399,365]
[310,1,442,362]
[311,6,455,394]
[312,2,434,379]
[313,11,543,518]
[314,10,402,319]
[315,11,404,383]
[316,9,449,389]
[317,7,434,369]
[318,10,430,323]
[319,11,358,310]
[320,3,391,358]
[321,5,497,452]
[322,5,521,370]
[323,6,427,417]
[324,10,539,381]
[325,10,374,331]
[326,2,461,441]
[327,6,357,326]
[328,6,475,435]
[329,1,498,468]
[330,7,442,364]
[331,5,546,381]
[332,9,430,390]
[333,9,396,384]
[334,4,425,308]
[335,7,481,309]
[336,11,356,326]
[337,9,542,342]
[338,7,484,412]
[339,9,357,352]
[340,9,540,325]
[341,4,416,312]
[342,7,521,501]
[343,7,525,434]
[344,3,374,302]
[345,4,538,382]
[346,11,479,360]
[347,4,508,480]
[348,5,386,334]
[349,8,389,380]
[350,2,463,367]
[351,6,406,303]
[352,1,433,342]
[353,11,483,370]
[354,3,375,351]
[355,4,484,409]
[356,3,427,368]
[357,5,448,390]
[358,1,539,535]
[359,9,385,366]
